50
0 HUB Abidjan 100.0 8 18 5.35 -4.02
1 RELAIS Yamoussoukro 50.0 7 19 6.82 -5.28
2 CLIENT Bouake 25.0 9 17 7.68 -5.03
3 CLIENT San_Pedro 30.0 6 20 4.75 -6.64
4 CLIENT Korhogo 20.0 8 18 9.45 -5.63
5 RELAIS Daloa 45.0 7 19 6.90 -6.45
6 CLIENT Man 22.0 8 17 7.41 -7.55
7 CLIENT Divo 18.0 9 16 5.84 -5.36
8 CLIENT Gagnoa 27.0 7 18 6.13 -5.95
9 CLIENT Abengourou 24.0 8 17 6.73 -3.49
10 RELAIS Bondoukou 40.0 9 16 8.04 -2.80
11 CLIENT Seguela 15.0 7 18 7.96 -6.67
12 CLIENT Odienne 20.0 8 17 9.50 -7.56
13 CLIENT Dimbokro 17.0 9 16 6.65 -4.71
14 CLIENT Adzope 23.0 7 18 6.11 -3.86
15 RELAIS Agboville 35.0 8 17 5.93 -4.21
16 CLIENT Dabou 19.0 7 19 5.32 -4.37
17 CLIENT Grand-Bassam 28.0 6 20 5.23 -3.73
18 CLIENT Toulepleu 16.0 8 17 6.58 -8.41
19 CLIENT Sassandra 21.0 7 19 4.95 -6.09
20 RELAIS Tabou 38.0 6 20 4.42 -7.35
21 CLIENT Boundiali 18.0 8 18 9.52 -6.48
22 CLIENT Ferkessedougou 22.0 9 17 9.60 -5.20
23 CLIENT Tengrela 15.0 7 19 10.48 -6.41
24 RELAIS Bouna 42.0 8 18 9.27 -2.99
25 CLIENT Katiola 20.0 9 17 8.14 -5.10
26 CLIENT Beoumi 17.0 7 19 7.67 -5.58
27 CLIENT Zuenoula 19.0 8 18 7.43 -6.05
28 CLIENT Issia 23.0 9 16 6.49 -6.59
29 RELAIS Soubre 48.0 7 19 5.79 -6.61
30 CLIENT Duekoue 24.0 8 17 6.74 -7.35
31 CLIENT Guiglo 18.0 9 16 6.55 -7.49
32 CLIENT Danane 21.0 7 18 7.27 -8.15
33 CLIENT Lakota 16.0 8 17 5.86 -5.68
34 CLIENT Daoukro 19.0 9 16 7.06 -3.96
35 RELAIS Agnibilekrou 44.0 7 18 7.13 -3.20
36 CLIENT Bingerville 26.0 8 17 5.36 -3.88
37 CLIENT Bonoua 18.0 9 16 5.27 -3.60
38 CLIENT Tiassale 22.0 7 19 5.90 -4.83
39 CLIENT Toumodi 17.0 8 18 6.56 -5.02
40 RELAIS Abobo 47.0 7 19 5.42 -4.02
41 CLIENT Cocody 29.0 8 17 5.34 -3.98
42 CLIENT Yopougon 32.0 9 16 5.33 -4.07
43 CLIENT Treichville 25.0 7 19 5.30 -4.00
44 CLIENT Adjame 20.0 8 18 5.36 -4.03
45 RELAIS Koumassi 39.0 9 16 5.28 -3.95
46 CLIENT Port_Bouet 23.0 7 19 5.26 -3.93
47 CLIENT Plateau 27.0 8 17 5.32 -4.03
48 CLIENT Anyama 19.0 9 16 5.53 -4.05
49 CLIENT Attiecoube 18.0 7 19 5.34 -4.06
120
0 1 1 240.5 240.0 1500.0 0 0.95 0
0 2 1 350.2 330.0 2000.0 0 0.90 0
1 2 1 120.8 110.0 800.0 0 0.98 0
0 3 1 380.0 400.0 2200.0 1 0.85 1
1 4 1 300.0 315.0 1800.0 0 0.92 0
2 4 0 200.0 210.0 1200.0 0 0.88 0
3 0 1 400.0 420.0 2300.0 0 0.91 0
4 1 1 320.0 335.0 1900.0 0 0.93 0
0 5 1 278.3 290.0 1700.0 0 0.94 0
5 6 1 185.6 195.0 1100.0 0 0.91 0
5 7 1 162.4 170.0 950.0 0 0.95 0
0 8 1 245.7 260.0 1550.0 0 0.92 0
5 8 1 110.5 115.0 750.0 0 0.97 0
0 9 1 310.2 325.0 1850.0 0 0.93 0
9 10 1 175.8 185.0 1050.0 0 0.96 0
1 11 1 220.6 230.0 1350.0 0 0.90 0
11 12 1 198.3 210.0 1200.0 1 0.87 1
4 12 1 280.5 295.0 1700.0 0 0.89 0
1 13 1 155.8 165.0 950.0 0 0.94 0
0 14 1 192.4 200.0 1150.0 0 0.95 0
14 15 1 85.3 90.0 600.0 0 0.98 0
0 15 1 130.6 140.0 850.0 0 0.97 0
0 16 1 110.2 115.0 700.0 0 0.96 0
0 17 1 165.7 175.0 1000.0 0 0.95 0
6 18 1 145.8 155.0 900.0 0 0.92 0
3 19 1 165.4 175.0 1000.0 0 0.94 0
19 20 1 198.7 210.0 1200.0 0 0.93 0
3 20 1 240.5 255.0 1400.0 1 0.86 1
4 21 1 175.3 185.0 1050.0 0 0.94 0
4 22 1 145.6 155.0 900.0 0 0.95 0
22 23 1 130.2 140.0 800.0 0 0.96 0
22 24 1 285.4 300.0 1700.0 0 0.88 0
10 24 1 220.8 235.0 1350.0 0 0.92 0
2 25 1 110.5 115.0 700.0 0 0.97 0
25 26 1 90.7 95.0 600.0 0 0.98 0
1 27 1 175.6 185.0 1050.0 0 0.94 0
27 28 1 130.4 140.0 800.0 0 0.95 0
5 28 1 145.7 155.0 900.0 0 0.93 0
3 29 1 175.8 185.0 1050.0 0 0.95 0
29 30 1 155.3 165.0 950.0 0 0.92 0
30 31 1 65.2 70.0 450.0 0 0.98 0
6 32 1 95.7 100.0 600.0 0 0.97 0
7 33 1 85.6 90.0 550.0 0 0.96 0
8 33 1 100.5 105.0 650.0 0 0.95 0
13 34 1 120.4 125.0 750.0 0 0.94 0
9 34 1 135.8 145.0 850.0 0 0.93 0
9 35 1 175.3 185.0 1050.0 0 0.95 0
35 10 1 110.2 115.0 700.0 0 0.97 0
0 36 1 65.4 70.0 450.0 0 0.98 0
17 37 1 35.8 40.0 300.0 0 0.99 0
0 38 1 165.7 175.0 1000.0 0 0.94 0
1 39 1 85.3 90.0 550.0 0 0.97 0
0 40 1 40.2 45.0 350.0 0 0.99 0
0 41 1 35.6 40.0 300.0 0 0.99 0
0 42 1 45.3 50.0 400.0 0 0.98 0
0 43 1 30.5 35.0 250.0 0 0.99 0
0 44 1 25.2 30.0 200.0 0 0.99 0
0 45 1 45.8 50.0 400.0 0 0.98 0
45 46 1 35.3 40.0 300.0 0 0.99 0
0 47 1 20.5 25.0 150.0 0 0.99 0
40 48 1 55.7 60.0 400.0 0 0.98 0
0 49 1 30.6 35.0 250.0 0 0.99 0
1 5 1 225.4 235.0 1400.0 0 0.93 0
2 25 1 110.5 115.0 700.0 0 0.97 0
3 29 1 175.8 185.0 1050.0 0 0.95 0
4 22 1 145.6 155.0 900.0 0 0.95 0
5 28 1 145.7 155.0 900.0 0 0.93 0
6 32 1 95.7 100.0 600.0 0 0.97 0
7 33 1 85.6 90.0 550.0 0 0.96 0
8 33 1 100.5 105.0 650.0 0 0.95 0
9 35 1 175.3 185.0 1050.0 0 0.95 0
10 24 1 220.8 235.0 1350.0 0 0.92 0
11 1 1 220.6 230.0 1350.0 0 0.90 0
12 4 1 280.5 295.0 1700.0 0 0.89 0
13 1 1 155.8 165.0 950.0 0 0.94 0
14 0 1 192.4 200.0 1150.0 0 0.95 0
15 0 1 130.6 140.0 850.0 0 0.97 0
16 0 1 110.2 115.0 700.0 0 0.96 0
17 0 1 165.7 175.0 1000.0 0 0.95 0
18 6 1 145.8 155.0 900.0 0 0.92 0
19 3 1 165.4 175.0 1000.0 0 0.94 0
20 3 1 240.5 255.0 1400.0 1 0.86 1
21 4 1 175.3 185.0 1050.0 0 0.94 0
22 4 1 145.6 155.0 900.0 0 0.95 0
23 22 1 130.2 140.0 800.0 0 0.96 0
24 10 1 220.8 235.0 1350.0 0 0.92 0
25 2 1 110.5 115.0 700.0 0 0.97 0
26 25 1 90.7 95.0 600.0 0 0.98 0
27 1 1 175.6 185.0 1050.0 0 0.94 0
28 5 1 145.7 155.0 900.0 0 0.93 0
29 3 1 175.8 185.0 1050.0 0 0.95 0
30 29 1 155.3 165.0 950.0 0 0.92 0
31 30 1 65.2 70.0 450.0 0 0.98 0
32 6 1 95.7 100.0 600.0 0 0.97 0
15 40 1 85.3 90.0 550.0 0 0.97 0
40 41 1 30.6 35.0 250.0 0 0.99 0
40 42 1 35.4 40.0 300.0 0 0.98 0
40 43 1 40.2 45.0 350.0 0 0.97 0
40 44 1 25.7 30.0 200.0 0 0.99 0
40 45 1 45.8 50.0 400.0 0 0.96 0
42 49 1 35.6 40.0 300.0 0 0.98 0
43 47 1 25.3 30.0 200.0 0 0.99 0
45 37 1 65.8 70.0 450.0 0 0.97 0
29 19 1 145.7 155.0 900.0 0 0.94 0
20 19 1 130.5 140.0 800.0 0 0.95 0
24 35 1 310.4 325.0 1900.0 0 0.87 0
22 21 1 125.8 135.0 800.0 0 0.96 0
15 14 1 95.6 100.0 600.0 0 0.97 0
41 43 1 30.5 35.0 250.0 0 0.99 0
42 44 1 35.2 40.0 300.0 0 0.98 0
43 45 1 40.7 45.0 350.0 0 0.97 0
44 45 1 35.6 40.0 300.0 0 0.98 0
46 17 1 55.4 60.0 400.0 0 0.96 0
47 43 1 20.3 25.0 150.0 0 0.99 0
48 49 1 45.8 50.0 400.0 0 0.97 0
36 37 1 45.6 50.0 350.0 0 0.98 0
38 39 1 95.7 100.0 600.0 0 0.96 0
2 3 1 375.6 390.0 2100.0 0 0.89 0
7 9 1 220.3 230.0 1300.0 1 0.84 1
6 4 1 315.9 330.0 1950.0 0 0.91 0