10
0 HUB Abidjan 100.0 8 18 5.35 -4.02
1 RELAIS Yamoussoukro 50.0 7 19 6.82 -5.28
2 CLIENT Bouake 25.0 9 17 7.68 -5.03
3 CLIENT San_Pedro 30.0 6 20 4.75 -6.64
4 CLIENT Korhogo 20.0 8 18 9.45 -5.63
5 RELAIS Daloa 45.0 7 19 6.90 -6.45
6 CLIENT Man 22.0 8 17 7.41 -7.55
7 CLIENT Divo 18.0 9 16 5.84 -5.36
8 CLIENT Gagnoa 27.0 7 18 6.13 -5.95
9 RELAIS Abengourou 35.0 8 17 6.73 -3.49
20
0 1 1 240.5 240.0 1500.0 0 0.95 0
0 2 1 350.2 330.0 2000.0 0 0.90 0
1 2 1 120.8 110.0 800.0 0 0.98 0
0 3 1 380.0 400.0 2200.0 1 0.85 1
1 4 1 300.0 315.0 1800.0 0 0.92 0
2 4 0 200.0 210.0 1200.0 0 0.88 0
3 0 1 400.0 420.0 2300.0 0 0.91 0
4 1 1 320.0 335.0 1900.0 0 0.93 0
0 5 1 278.3 290.0 1700.0 0 0.94 0
5 6 1 185.6 195.0 1100.0 0 0.91 0
5 7 1 162.4 170.0 950.0 0 0.95 0
0 8 1 245.7 260.0 1550.0 0 0.92 0
5 8 1 110.5 115.0 750.0 0 0.97 0
0 9 1 310.2 325.0 1850.0 0 0.93 0
9 2 1 175.8 185.0 1050.0 0 0.96 0
1 5 1 225.4 235.0 1400.0 0 0.93 0
6 8 1 145.8 155.0 900.0 0 0.92 0
7 1 1 165.4 175.0 1000.0 0 0.94 0
9 4 1 240.5 255.0 1400.0 1 0.86 1
3 5 1 175.3 185.0 1050.0 0 0.94 0